
0
temp/S248684-3-15
1
0
004
temp/S247747-5-15
5
4
04142434440
temp/S248836-3-15
5
0
00102030403
temp/S248836-3-15
5
3
03132333434
temp/S248836-3-15
5
4
04142434442
temp/S248836-3-15
5
2
02122232421
temp/S248836-3-15
5
1
01112131412
0
1
3
4
3
temp/S248772-3-15
5
3
03132333434
temp/S248772-3-15
5
4
04142434440
temp/S248772-3-15
5
0
00102030401
temp/S248772-3-15
5
1
01112131412
temp/S248772-3-15
5
2
02122232420
temp/S248279-3-15
5
0
00102030400
2
temp/S248279-3-15
5
2
02122232423
temp/S248279-3-15
5
3
03132333434
temp/S248279-3-15
5
4
04142434441
temp/S248279-3-15
5
1
01112131414
temp/S248390-3-15
5
4
04142434440
temp/S248390-3-15
5
0
00102030402
temp/S248390-3-15
5
2
02122232421
temp/S248390-3-15
5
1
01112131413
temp/S248390-3-15
5
3
03132333431
temp/S248392-3-15
5
1
01112131413
temp/S248392-3-15
5
3
03132333430
temp/S248392-3-15
5
0
00102030404
temp/S248392-3-15
5
4
04142434440
3
4
1
2
temp/S248392-3-15
5
2
02122232420
temp/S247919-3-15
5
0
00102030401
temp/S247919-3-15
5
1
01112131413
temp/S247919-3-15
5
3
03132333434
temp/S247919-3-15
5
4
04142434442
temp/S247919-3-15
5
2
02122232420
temp/S248015-3-15
5
0
00102030403
temp/S248015-3-15
5
3
03132333431
temp/S248015-3-15
5
1
01112131414
temp/S248015-3-15
5
4
04142434442
temp/S248015-3-15
5
2
02122232424
temp/S248840-3-15
5
4
04142434443
temp/S248840-3-15
5
3
03132333432
temp/S248840-3-15
5
2
02122232420
1
2
3
4
0
temp/S248017-3-15
5
0
00102030400
1
temp/S248017-3-15
5
1
01112131412
temp/S248017-3-15
5
2
02122232423
temp/S248017-3-15
5
3
03132333434
temp/S248017-3-15
5
4
04142434444
temp/S248774-3-15
5
4
04142434444
0
temp/S248774-3-15
5
0
00102030402
temp/S248774-3-15
5
2
02122232423
temp/S248774-3-15
5
3
03132333431
temp/S248774-3-15
5
1
01112131413
2
1
4
0
1
2
0
3
4
0
3
2
1
4
0
3
1
4
0
2
0
1
2
4
3
0
1
4
2
3
0
1
0
2
3
4
0
1
2
3
4
0
1
2
3
4
0
2
4
1
3
0
1
2
4
3
0
2
1
3
4
0
1
2
3
4
0
1
2
3
4
0
1
2
3
4
1
2
0
4
3
3
4
0
1
2
2
1
0
3
4
1
2
3
4
0
2
0
1
3
4
0
1
2
4
3
2
0
1
4
3
2
4
1
3
0
2
0
1
3
4
3
0
1
4
2
3
4
0
1
2
2
0
1
3
4
1
2
3
0
4
2
0
1
3
4
1
2
3
4
0
2
0
1
3
4
0
1
2
3
4
0
1
2
3
4
3
0
2
4
1
0
3
4
2
1
0
1
2
3
4
1
2
3
4
0
2
4
3
1
0
2
1
0
3
4
1
0
3
2
4
2
0
1
3
4
0
1
2
3
4
0
2
4
3
1
3
4
0
1
2
0
1
2
3
4
3
4
0
2
1
3
4
0
1
2
4
0
1
2
3
2
0
1
4
3
1
2
0
4
3
2
1
3
0
4
0
1
3
2
4
2
1
0
3
4
1
2
0
3
4
2
4
3
1
0
2
1
0
3
4
2
0
1
3
4
0
3
2
1
4
0
1
2
3
4
1
2
0
3
4
0
1
2
3
4
1
2
3
4
0
3
4
0
2
1
1
0
3
2
4
0
2
3
4
1
1
2
3
4
0
3
4
0
2
1
0
1
2
3
4
0
1
2
3
4
1
4
2
0
3
2
0
3
1
4
3
4
0
1
2
1
2
0
3
4
0
1
2
3
4
3
1
2
0
4
1
2
4
3
0
2
0
1
3
4
2
3
4
0
1
1
2
0
3
4
2
1
0
3
4
2
3
4
0
1
3
2
1
4
0
3
2
4
0
1
0
1
2
3
4
0
1
3
2
4
4
1
2
0
3
0
1
2
3
4
0
1
2
3
4
4
3
0
1
2
1
2
0
3
4
1
2
0
3
4
0
1
2
3
4
0
1
2
3
4
2
4
3
0
1
1
2
0
3
4
1
2
3
0
4
0
2
1
3
4
2
0
1
3
4
1
0
2
4
3
1
0
2
3
4
2
3
4
0
1
2
3
4
1
0
4
1
0
2
3
4
3
1
0
2
3
1
0
4
2
